10 1000

67 14 76 18 59 38 38 21 45 92
72 57 78 82 63 87 89 63 92 40
6 46 62 12 29 97 17 64 13 54
21 72 37 69 63 28 37 44 84 70
40 96 0 34 40 23 53 59 17 39
63 39 78 53 62 11 63 30 93 63
53 47 11 69 62 19 28 87 33 93
7 17 17 70 1 27 87 77 41 7
81 67 97 97 28 30 92 6 0 17
82 56 36 94 28 58 98 63 94 84
44 78 94 14 96 2 88 23 57 67
62 40 99 40 58 73 54 91 54 61
72 20 73 66 32 50 99 89 80 55
66 18 51 7 39 88 41 86 43 40
63 2 38 35 3 16 34 54 58 64
54 82 68 2 79 81 26 6 54 43
56 62 67 97 86 93 98 31 32 46
90 71 86 41 94 58 33 15 56 37
4 80 45 76 63 7 70 42 34 15
96 24 23 89 48 59 64 35 51 28
62 28 78 72 15 73 24 87 10 75
72 89 97 9 37 44 31 16 99 34
95 68 97 93 97 9 56 62 46 86
40 17 86 92 62 79 45 55 28 91
34 89 89 68 16 16 17 84 42 36
70 30 84 99 7 8 38 52 20 96
18 21 33 26 71 3 74 67 11 82
64 46 27 88 79 23 19 87 18 58
32 48 88 63 46 31 30 46 17 18
94 72 88 75 47 65 52 30 58 53
98 38 13 67 10 17 31 79 11 19
33 99 30 86 8 61 9 24 35 47
73 79 19 79 19 78 50 89 29 14
98 6 56 88 97 65 71 85 36 9
39 38 11 28 93 82 90 44 16 3
31 82 89 60 26 35 25 72 60 39
47 42 70 14 71 85 25 15 10 67
91 86 43 39 16 79 99 74 15 49
5 29 7 54 14 36 80 75 2 14
50 24 95 64 29 80 73 13 92 78
62 19 66 75 71 25 99 2 3 52
15 76 59 77 33 72 43 35 65 77
3 34 13 14 86 37 94 85 22 9
28 1 6 95 19 85 10 84 90 41
66 25 83 43 99 84 24 39 10 98
43 46 11 86 21 75 38 60 27 22
38 51 7 28 77 7 80 65 31 28
85 23 88 88 74 81 12 69 79 32
89 52 37 57 9 79 18 38 66 89
11 95 91 64 54 99 67 66 32 52
25 85 63 30 25 57 38 85 99 74
22 38 49 84 74 79 57 80 55 48
66 85 18 44 68 76 6 76 14 63
31 70 77 21 20 60 91 2 97 83
29 59 40 92 37 44 75 37 79 89
73 59 97 30 29 90 38 40 4 39
1 53 68 42 65 14 49 76 40 28
6 86 5 89 35 83 7 99 72 30
86 91 42 11 94 11 58 3 10 21
77 2 51 1 92 61 0 91 58 90
92 22 66 97 30 98 57 71 85 46
76 36 58 94 78 82 18 48 99 65
97 1 95 6 7 94 87 70 57 21
0 58 85 45 61 90 44 5 15 0
2 86 79 63 27 90 67 79 47 82
48 85 61 61 59 66 13 24 14 46
61 83 54 76 39 61 70 57 62 35
63 68 29 29 29 40 83 1 86 61
50 44 30 36 64 64 97 56 89 13
37 81 10 39 40 39 14 57 48 92
1 4 23 62 83 73 95 14 24 28
86 89 6 54 42 89 0 13 89 70
69 20 59 1 26 72 91 10 42 0
41 8 33 51 0 52 24 28 54 1
96 46 6 44 94 21 83 72 59 14
43 44 92 17 36 77 14 86 97 5
91 81 2 52 23 30 65 27 54 56
56 74 67 17 89 95 17 23 50 96
79 7 23 68 83 98 70 20 16 72
39 35 48 66 96 31 6 34 99 17
1 20 50 85 27 92 85 55 21 43
72 41 43 50 32 6 56 55 52 82
84 7 35 22 44 66 14 0 58 3
12 2 14 61 31 91 59 61 64 29
47 17 88 34 46 61 6 52 77 57
79 16 17 13 94 47 18 81 51 8
57 58 93 12 24 71 91 77 8 5
14 9 13 10 99 99 71 45 13 37
68 92 40 48 65 46 86 21 25 50
45 85 26 19 27 23 20 48 36 53
34 77 14 2 2 1 82 33 55 25
85 17 18 33 17 39 11 46 73 58
39 43 90 4 82 98 38 3 52 16
91 21 42 87 49 1 63 8 15 13
61 75 57 78 89 68 65 71 42 54
0 30 35 4 57 33 88 50 75 77
19 27 41 50 25 16 50 37 16 26
17 72 7 49 12 18 55 82 43 25
6 58 46 59 82 8 71 43 34 67
95 79 79 18 0 33 93 40 99 82
20 26 15 0 96 34 19 40 97 51
39 82 70 94 99 40 35 14 50 10
25 12 75 68 4 51 27 94 30 38
20 78 55 83 61 88 89 19 67 9
53 10 88 31 65 10 14 71 18 5
59 43 18 89 50 27 88 14 50 30
17 12 89 76 18 56 42 11 45 70
45 85 0 0 32 76 51 4 82 73
38 48 83 5 94 75 48 5 85 86
76 54 55 83 61 3 13 51 54 42
89 77 10 96 26 84 53 22 33 26
5 36 69 1 75 40 45 79 95 17
46 73 48 14 92 92 76 93 26 36
32 69 12 19 71 3 99 53 69 21
59 36 34 1 43 3 42 34 80 62
50 17 1 27 40 81 2 77 59 52
41 36 74 8 46 91 42 74 26 24
65 1 75 12 74 7 0 97 55 20
28 26 44 22 58 92 90 56 52 42
84 73 48 12 91 25 64 91 4 4
46 32 74 70 82 86 91 30 47 49
49 21 6 91 91 27 0 82 76 98
7 75 96 82 67 41 66 72 19 65
35 34 47 35 99 69 75 25 99 6
77 11 32 7 32 89 72 40 58 6
49 85 25 26 35 68 14 57 86 96
81 51 18 50 48 58 71 8 78 87
62 66 60 37 82 90 43 80 12 42
31 72 32 57 65 37 98 49 42 37
30 61 77 71 44 16 42 39 78 11
25 82 95 3 44 2 32 9 48 25
93 73 39 43 82 90 31 1 46 80
49 41 78 5 58 35 84 89 57 34
77 1 51 67 54 86 2 19 67 70
92 12 41 9 57 15 17 19 9 36
43 23 47 90 40 82 66 50 46 70
72 71 63 8 7 23 61 20 2 32
28 69 41 41 95 50 89 74 73 13
95 66 6 21 66 86 20 61 87 38
88 1 57 78 80 62 60 69 8 96
96 9 25 51 86 66 72 96 38 34
15 94 59 52 54 21 0 65 51 75
64 3 41 0 38 90 9 40 59 74
6 39 87 72 67 51 58 92 9 24
31 93 89 1 63 60 82 29 71 26
14 24 96 19 19 82 60 62 6 67
2 37 34 46 45 97 38 39 12 40
43 97 40 5 49 69 77 30 79 60
84 2 85 62 71 48 81 15 68 73
51 91 29 15 66 44 63 55 89 39
25 3 74 31 35 14 84 31 15 92
56 86 76 23 51 92 32 46 5 61
93 12 77 9 49 47 67 98 46 56
49 20 66 66 71 6 76 44 98 65
43 31 21 81 66 26 83 18 16 45
25 17 40 95 13 97 95 51 49 64
18 93 23 55 8 92 13 7 86 27
79 54 79 95 40 58 65 72 16 65
8 62 71 34 66 59 67 59 69 12
67 59 6 90 3 97 95 80 94 91
86 70 71 15 75 6 1 49 24 9
94 98 89 58 53 80 59 98 54 44
67 49 96 18 9 37 9 65 16 89
92 40 21 85 4 15 50 91 23 69
53 26 63 42 66 95 3 82 62 48
18 56 27 45 73 98 64 63 30 83
94 58 26 75 89 60 44 50 46 76
37 75 28 47 2 82 62 61 41 5
73 17 54 94 71 70 47 42 96 61
36 60 63 54 91 91 4 95 51 13
4 31 60 13 37 36 79 64 14 96
65 21 95 42 5 65 76 18 31 14
28 50 47 42 14 98 97 37 21 55
66 83 88 16 61 32 30 18 59 27
21 73 92 85 96 67 30 25 99 39
4 3 26 88 31 53 69 51 33 42
44 97 60 64 99 39 0 92 6 81
13 52 0 56 9 26 46 40 44 93
63 2 40 20 13 96 50 90 76 14
70 50 6 96 58 57 32 56 38 95
20 10 92 47 40 58 67 38 50 45
50 88 11 78 91 27 52 4 19 74
25 33 26 22 65 32 27 8 21 39
93 91 57 44 13 79 48 3 7 92
22 33 97 40 70 24 93 56 78 64
95 96 22 12 98 93 12 71 70 57
38 76 12 41 62 9 90 79 92 98
26 95 45 66 10 25 10 58 93 96
9 46 23 50 13 74 50 70 82 67
17 39 37 89 17 26 53 7 51 42
23 17 60 39 72 87 7 24 2 67
69 50 78 80 3 40 31 71 82 92
63 39 10 57 62 93 59 47 0 15
32 68 96 83 69 0 99 38 83 66
56 54 41 1 56 73 64 74 32 78
32 78 55 69 44 51 72 23 21 36
52 48 10 38 8 1 33 46 86 95
40 62 25 88 90 34 68 44 52 41
70 58 50 61 68 5 2 40 45 75
52 0 75 74 33 84 31 53 67 57
38 76 99 79 16 73 95 16 71 56
0 77 0 82 15 99 90 92 13 75
37 8 55 14 42 23 32 84 20 13
5 36 9 22 56 13 33 86 89 9
94 79 84 89 10 28 24 59 34 8
37 33 28 18 38 98 39 8 63 9
58 15 95 75 21 62 22 29 76 6
39 89 45 43 31 89 2 81 61 83
20 1 74 58 46 45 64 17 51 37
51 16 14 55 23 70 47 85 65 54
93 9 34 45 96 65 72 16 84 66
32 64 58 23 90 18 69 24 16 98
83 46 13 96 52 52 50 51 33 37
89 53 61 29 94 24 34 61 23 0
37 88 21 60 87 28 42 76 39 70
28 16 7 38 90 93 21 57 5 45
53 47 26 63 14 8 44 59 42 51
12 62 10 15 42 83 95 36 50 12
91 65 42 63 40 75 17 52 51 83
43 83 98 47 14 57 75 0 22 67
44 8 49 52 54 85 40 35 2 55
43 11 83 6 38 45 19 66 11 59
51 95 20 53 14 63 73 83 42 3
12 78 68 85 80 36 36 61 84 56
13 0 96 52 66 99 38 87 43 26
72 64 33 14 35 30 33 3 43 81
30 90 68 74 11 34 99 34 15 0
38 10 63 96 51 41 54 79 0 81
79 63 98 36 67 20 22 59 79 20
63 42 46 28 0 98 52 7 67 38
94 64 12 63 71 62 80 46 85 23
54 6 13 62 81 19 27 43 35 18
49 72 49 43 43 81 54 65 58 23
46 3 71 41 83 11 51 14 61 92
37 49 91 44 38 97 39 55 33 64
51 72 6 95 2 76 21 26 10 11
40 18 44 73 3 52 13 87 53 54
57 42 40 91 60 74 22 87 37 97
76 54 63 76 60 28 94 78 25 29
0 49 34 3 25 82 15 7 10 61
35 62 17 28 94 65 25 73 66 65
65 53 32 23 75 85 29 82 98 96
98 78 69 87 24 48 93 48 99 90
97 34 94 41 30 16 8 22 15 9
90 5 52 59 99 53 36 17 5 0
37 33 99 83 38 70 66 97 86 20
19 7 53 93 63 52 76 67 82 90
33 97 38 64 24 63 87 77 62 24
46 48 56 43 98 74 9 75 21 67
88 91 78 40 26 49 37 32 0 62
72 72 50 9 63 80 68 0 83 96
73 75 63 33 73 84 28 94 91 48
80 13 0 45 11 23 85 12 48 0
80 3 45 85 9 74 13 93 85 13
10 35 80 36 4 39 7 36 53 88
99 85 9 85 96 80 99 98 23 30
62 48 40 42 2 51 20 4 64 10
54 61 77 68 93 20 19 95 95 97
77 10 20 56 60 18 73 89 64 48
15 72 97 86 72 12 42 22 81 63
87 10 68 99 37 19 93 10 15 57
34 64 54 68 55 61 47 95 75 66
80 51 27 29 90 33 20 33 59 77
75 53 4 72 45 96 3 72 55 78
36 58 74 19 19 3 4 44 11 24
27 97 90 34 16 53 47 72 14 83
65 61 27 63 57 21 27 46 41 82
61 89 52 43 31 74 64 76 64 93
81 22 44 59 68 95 74 68 40 65
82 27 57 65 88 61 80 9 99 66
18 43 87 33 34 93 59 54 45 99
73 73 46 0 91 65 26 47 95 17
61 79 15 73 27 19 23 72 36 30
91 87 83 41 75 80 41 61 61 53
37 57 12 56 91 13 75 10 18 25
7 56 39 5 39 41 68 70 36 67
51 26 6 94 34 76 89 64 2 6
14 66 97 2 9 84 78 83 89 12
30 72 31 49 78 4 35 77 49 37
36 97 2 33 89 70 51 13 27 8
2 68 67 85 7 6 10 24 12 87
91 85 80 74 54 76 28 63 29 63
31 7 86 30 43 79 97 96 94 31
97 77 26 75 55 58 13 79 20 14
4 27 97 91 96 46 73 70 31 67
86 68 26 46 86 46 52 63 42 11
22 12 33 16 29 90 6 50 25 46
31 14 31 7 50 72 48 51 3 93
84 94 85 21 74 52 34 25 57 46
58 65 65 67 96 5 12 51 65 86
52 82 25 58 2 10 14 14 8 38
4 19 79 37 16 44 7 66 82 40
1 39 47 28 60 83 17 87 67 71
61 37 69 75 2 39 25 8 90 12
16 34 7 88 68 91 0 58 79 58
83 56 66 22 12 35 0 84 8 81
67 65 58 38 65 87 37 33 34 11
45 2 42 58 27 62 45 10 62 2
40 24 0 83 89 44 7 76 40 32
19 50 58 69 71 43 10 22 12 18
20 1 88 55 57 71 90 92 43 21
54 76 1 39 31 51 17 6 49 55
88 71 65 85 56 78 68 57 2 9
33 83 13 7 41 91 14 47 89 80
62 12 85 61 19 97 98 27 50 55
71 42 74 9 75 80 95 89 79 0
56 1 79 41 42 96 55 72 14 8
84 93 68 75 83 70 34 5 13 22
49 28 33 77 78 6 41 38 91 7
2 60 3 32 32 78 87 4 53 69
94 74 86 27 34 60 13 79 20 73
95 20 34 67 32 63 7 65 43 60
64 69 54 10 27 12 12 22 28 88
10 20 20 66 18 30 98 20 15 19
25 80 67 15 62 13 18 44 87 20
28 90 91 50 87 24 45 92 57 80
52 54 18 31 46 1 97 93 63 26
26 54 31 53 5 44 73 93 31 58
56 38 32 2 12 49 56 64 89 69
15 51 99 77 47 57 1 27 4 25
11 90 16 53 20 80 6 51 92 14
53 92 32 50 73 8 77 8 68 0
68 13 34 94 77 36 98 18 19 88
30 4 37 51 14 59 25 87 7 84
41 64 34 96 73 90 12 96 3 22
82 54 10 95 14 11 3 59 42 31
65 69 84 91 55 73 56 19 60 40
46 32 34 85 2 2 20 38 32 53
49 52 47 79 3 96 78 39 54 90
7 4 76 71 47 9 41 47 70 39
17 62 85 56 20 53 28 89 31 60
45 51 83 66 67 74 23 85 80 88
81 90 70 2 21 69 94 77 70 33
9 22 69 63 74 55 25 83 6 91
31 26 2 72 51 3 31 73 83 72
32 52 12 1 10 50 96 61 50 86
20 7 89 94 57 23 13 81 61 55
55 48 82 82 37 52 43 40 61 60
21 91 75 52 80 11 54 28 37 14
31 82 30 3 22 85 26 53 37 13
49 18 50 58 39 18 90 83 82 55
40 75 59 98 80 9 34 18 85 68
15 40 43 84 55 86 73 75 17 27
23 99 40 44 89 15 32 4 1 37
48 36 12 33 42 76 73 85 58 59
80 95 92 91 10 29 12 26 71 36
66 24 27 93 30 57 37 13 27 76
87 20 50 50 17 54 40 59 40 1
44 16 85 16 41 26 79 50 23 19
49 39 84 92 85 8 65 15 91 70
63 41 16 92 40 60 69 37 71 68
42 81 16 80 78 71 13 42 9 69
82 59 15 3 30 95 35 46 68 65
72 40 74 19 96 15 9 97 62 80
23 84 35 45 31 41 4 55 6 63
28 20 78 22 52 96 76 14 4 49
92 23 60 39 11 5 68 43 4 4
95 43 10 65 66 26 61 33 25 37
89 66 70 39 59 1 52 18 63 96
44 42 52 6 76 84 27 90 93 7
38 91 20 67 46 69 65 5 6 8
94 99 50 23 18 47 79 16 79 84
98 23 9 38 20 18 7 35 58 25
88 95 66 72 87 14 0 74 84 43
9 55 81 68 80 70 77 80 63 78
46 17 92 94 10 78 78 72 75 39
50 84 49 80 20 28 55 78 34 45
83 29 97 36 23 84 91 49 39 98
7 53 25 82 76 87 64 99 82 19
91 2 1 60 20 64 39 71 8 66
47 2 38 42 0 65 4 90 32 33
77 80 54 45 89 52 86 44 3 89
90 74 53 23 75 48 61 28 97 93
4 68 62 68 42 50 4 46 97 23
52 55 1 24 3 16 43 2 6 86
33 84 25 31 15 19 97 32 97 50
97 46 49 19 40 9 27 98 89 74
99 57 40 60 65 20 53 10 72 32
92 1 31 32 39 63 6 27 41 92
11 90 10 23 31 91 70 52 8 90
56 62 16 93 23 53 11 57 72 26
31 12 36 17 31 45 52 68 99 99
46 22 13 60 60 70 97 89 75 72
39 68 59 94 67 13 75 47 16 15
48 90 18 65 41 18 45 81 30 36
71 38 6 47 50 30 4 75 23 92
32 81 82 72 41 27 59 61 49 44
41 35 41 16 13 53 59 2 83 97
30 67 50 61 28 66 29 95 1 54
98 85 59 62 89 38 58 94 52 16
0 2 89 66 21 68 31 42 45 96
65 92 56 77 3 77 27 42 6 97
53 24 58 55 83 33 53 17 93 18
45 49 47 88 38 61 15 20 61 45
35 62 69 77 55 23 27 56 58 83
83 78 90 25 16 55 91 44 70 34
43 57 19 13 40 83 42 81 26 11
47 32 62 90 6 53 82 98 1 52
49 96 73 78 16 67 80 94 49 14
40 76 59 80 87 52 65 53 40 22
2 13 97 36 44 3 64 37 24 78
61 59 43 56 44 28 4 14 50 21
41 34 0 3 16 77 64 67 28 32
13 44 13 85 87 40 51 46 7 29
39 51 10 42 31 44 62 44 16 64
86 27 3 40 89 71 69 52 19 25
54 6 82 60 27 97 82 92 48 26
27 99 1 29 27 23 16 11 36 0
98 14 71 52 28 49 6 75 13 8
10 70 21 11 24 4 69 9 90 27
10 62 6 20 94 35 99 22 1 31
10 83 39 44 11 49 8 61 60 64
18 55 52 4 20 77 7 44 25 28
76 92 54 91 11 71 90 52 94 89
51 64 26 36 51 78 31 79 13 81
30 17 19 1 15 54 13 76 23 78
63 15 73 39 72 89 95 25 1 42
47 48 32 92 82 1 48 46 82 96
53 38 53 36 43 96 27 51 36 77
20 16 69 55 29 84 69 50 62 41
74 7 66 7 26 52 27 64 55 46
12 53 87 75 67 16 12 34 73 95
48 25 84 17 36 16 80 88 48 65
4 30 43 8 41 34 30 68 44 12
45 49 49 35 94 76 87 53 74 48
39 44 73 4 74 45 3 80 98 89
40 85 40 39 83 91 52 42 89 17
76 52 74 54 51 15 12 31 18 78
25 91 93 64 51 49 6 15 91 5
8 38 23 5 58 70 75 57 56 3
36 87 85 34 49 44 79 52 78 88
58 67 52 7 63 85 74 71 65 11
50 10 52 58 90 25 60 90 93 46
39 87 82 58 0 37 55 94 3 12
3 10 53 40 65 40 57 24 85 63
12 85 63 6 99 91 70 70 37 38
27 76 68 67 1 95 29 58 57 84
43 70 49 33 82 91 72 47 37 35
21 96 72 63 27 82 22 22 27 50
47 41 7 67 78 82 74 85 13 82
20 42 61 92 91 31 81 28 88 5
99 39 69 67 85 67 70 81 7 12
16 17 28 16 6 68 55 88 57 66
15 23 32 92 80 68 88 47 43 51
94 66 26 22 44 53 89 4 14 52
29 0 88 61 24 40 45 42 90 45
29 82 86 50 41 68 84 73 7 40
42 60 58 69 57 93 32 55 78 64
2 90 32 84 96 19 20 79 41 95
48 2 70 5 2 55 2 26 16 63
13 52 32 85 36 20 17 70 32 54
52 95 54 67 38 94 74 81 99 6
47 57 5 0 58 26 65 90 2 32
63 18 4 37 72 22 44 36 19 25
68 28 56 55 61 6 83 40 56 64
67 46 47 57 5 93 1 94 80 92
26 13 28 46 15 66 95 16 35 98
32 71 4 80 24 24 55 6 92 5
2 66 57 87 87 55 15 9 56 70
39 14 40 41 40 43 65 47 36 76
40 22 79 90 66 44 92 50 56 49
50 3 7 28 67 11 93 67 27 99
61 60 15 46 75 66 71 43 67 88
30 24 7 4 14 8 14 83 42 28
38 1 78 2 80 3 96 46 92 50
15 95 92 17 6 95 18 88 90 99
91 45 62 14 1 75 72 13 41 11
3 10 8 57 81 72 40 54 45 24
72 26 56 73 4 39 33 96 12 68
84 70 38 53 62 91 94 82 39 48
25 20 63 79 77 11 22 57 55 61
88 29 95 68 46 26 91 29 29 36
65 90 26 77 6 20 47 97 42 13
10 22 59 48 2 42 33 34 2 25
86 16 78 37 33 35 12 33 89 29
96 35 56 51 13 97 29 40 9 44
95 95 7 62 28 0 5 74 36 83
23 11 31 19 50 75 33 34 35 53
97 62 93 10 79 51 83 3 12 45
3 27 41 45 19 22 47 90 22 89
88 18 77 95 20 47 38 48 79 71
79 59 36 57 81 27 98 32 39 44
64 7 14 8 66 50 88 2 68 5
47 16 50 63 61 16 25 94 32 50
17 10 24 73 79 76 71 70 43 94
49 68 30 17 34 49 42 1 45 29
71 49 32 93 41 67 97 9 38 44
44 73 14 75 37 13 52 54 66 72
65 46 35 6 61 43 59 81 28 78
90 46 12 78 4 9 43 61 57 5
44 93 56 34 90 37 77 83 47 59
25 71 38 94 83 75 64 94 59 16
6 0 32 51 76 32 93 14 53 40
0 40 31 76 77 30 17 64 15 39
38 76 94 2 29 75 99 23 50 76
12 25 39 35 29 17 48 29 82 84
92 15 37 67 8 19 32 85 57 91
9 39 26 76 66 0 39 40 44 34
1 88 3 78 38 6 55 85 94 18
36 95 9 34 43 81 48 58 88 86
69 93 22 12 51 62 19 70 77 44
96 8 13 10 64 40 53 60 11 40
52 20 78 85 22 48 53 85 87 10
56 83 50 96 46 82 62 97 34 59
46 44 12 53 23 74 55 58 70 80
67 66 72 7 25 27 87 82 80 0
67 75 81 46 79 25 92 39 93 76
41 70 74 1 86 1 22 51 8 17
90 85 7 46 15 29 61 59 31 36
48 48 60 43 92 26 25 81 55 67
47 69 24 56 57 22 80 57 17 79
72 2 11 36 78 77 7 49 17 83
77 86 18 85 11 89 57 23 62 22
86 32 3 78 33 58 23 51 10 8
90 70 77 80 54 36 88 29 43 6
15 95 79 73 0 26 9 64 50 2
51 60 14 44 81 92 28 93 12 63
67 78 17 16 42 41 46 80 99 52
55 33 33 67 45 25 10 3 94 34
50 52 56 30 40 75 63 60 17 40
71 66 42 10 54 99 19 72 58 73
34 75 26 31 67 2 3 96 34 18
77 42 89 50 68 46 7 10 37 49
16 91 61 38 29 57 13 29 90 26
14 65 89 80 19 43 39 77 27 84
35 1 50 88 22 2 25 53 64 69
4 91 48 57 95 83 39 30 98 71
76 37 25 84 63 41 94 57 45 9
54 48 97 75 48 53 2 3 81 77
53 65 56 52 91 41 9 56 83 64
96 17 28 49 15 39 52 41 32 44
93 5 38 33 4 26 20 54 39 96
58 56 9 54 83 8 54 80 14 34
89 19 74 0 18 39 52 94 0 57
96 93 95 78 26 84 94 93 90 62
89 50 83 50 58 72 74 26 74 60
18 36 44 66 90 69 52 71 37 47
52 84 92 50 24 81 13 15 67 45
85 41 4 17 54 64 55 72 20 64
36 93 38 31 66 74 89 16 24 52
83 2 94 6 66 68 73 86 57 49
35 27 8 56 49 41 7 47 94 92
88 70 11 4 17 31 5 2 80 68
97 29 55 70 93 31 17 98 25 53
37 64 59 3 1 31 76 96 59 77
28 78 84 45 22 45 66 10 56 70
69 28 5 14 68 56 41 48 92 92
13 28 10 24 38 96 48 45 9 54
27 91 24 3 80 6 88 4 79 4
49 25 15 90 17 92 94 53 39 71
26 87 86 47 48 25 41 0 93 90
22 83 68 39 0 16 75 15 52 97
72 12 8 52 55 56 25 7 81 90
8 93 47 70 70 76 22 35 2 24
11 38 69 60 34 69 88 66 89 11
78 31 44 78 22 34 26 19 47 44
49 57 38 56 84 51 32 29 11 58
86 49 71 31 8 96 65 2 89 14
72 29 87 68 27 16 31 25 30 54
18 30 62 95 9 52 20 37 60 13
2 95 64 48 70 16 11 79 97 25
4 38 19 21 37 41 15 16 89 15
56 60 18 99 58 94 96 48 6 39
19 3 74 90 59 86 42 57 11 82
13 4 3 61 76 7 60 60 64 8
99 39 9 79 55 35 87 22 90 52
18 68 92 94 84 52 45 8 60 23
53 81 90 40 13 12 3 0 72 92
59 46 48 74 37 84 84 58 88 87
7 26 16 21 74 87 36 79 96 60
16 7 22 15 63 12 48 52 14 33
64 8 69 0 95 29 9 34 4 78
66 75 3 54 30 85 8 56 82 54
64 92 27 84 83 92 8 85 49 1
84 6 22 98 13 40 87 63 42 44
69 91 8 18 51 27 37 81 8 3
1 77 28 93 92 49 71 60 1 93
18 77 19 5 33 2 38 49 60 43
77 87 70 70 17 96 57 69 1 36
5 65 38 74 88 94 1 32 46 25
17 41 88 7 86 52 26 67 9 55
27 20 16 12 9 52 95 98 97 25
58 74 27 15 22 64 75 28 52 20
44 21 91 74 80 37 25 79 33 31
80 3 26 29 48 64 33 6 19 45
81 98 81 58 15 31 72 91 16 75
23 57 99 83 91 90 83 38 53 67
46 98 12 26 67 70 52 95 34 56
74 29 32 42 55 18 49 94 38 77
46 12 27 85 88 28 85 26 43 95
70 82 7 51 82 22 26 22 87 38
57 85 94 3 94 89 3 28 19 36
67 93 53 48 70 99 34 90 64 97
88 20 55 58 93 65 28 33 17 97
21 86 19 73 13 50 69 92 93 58
38 29 55 0 79 51 69 10 30 82
9 24 35 12 99 93 19 32 14 81
9 72 56 5 34 1 82 49 42 23
44 73 4 63 48 11 92 91 19 72
78 53 92 40 81 33 91 27 72 23
49 10 4 96 4 23 12 10 69 30
88 28 57 70 37 92 2 26 86 73
70 68 52 8 60 5 72 83 25 56
26 80 61 24 74 13 81 41 5 81
50 92 37 61 12 52 9 60 96 4
28 59 10 99 28 9 38 91 3 80
8 10 87 42 42 76 9 29 33 44
57 64 47 9 61 16 2 13 30 43
0 62 30 63 33 43 85 36 96 8
7 40 53 88 4 29 31 41 63 18
94 86 92 2 25 1 18 13 86 85
9 94 73 25 54 65 68 7 98 24
68 65 98 53 6 51 1 37 13 25
62 24 87 79 67 8 43 27 17 53
27 94 5 30 64 8 30 24 61 2
88 30 92 66 71 69 78 48 5 20
58 65 95 67 77 4 54 68 27 56
38 52 38 60 50 7 68 21 9 25
54 84 7 48 78 71 10 0 66 86
5 61 20 50 27 39 69 26 61 30
12 33 91 82 48 84 37 23 86 95
3 23 22 15 85 17 8 62 81 29
35 67 93 25 34 90 55 67 73 57
75 71 79 56 38 11 19 60 20 20
39 45 7 7 57 83 82 26 46 81
34 38 85 84 38 17 17 33 69 74
72 11 74 57 27 49 84 66 82 37
78 31 47 40 35 29 42 75 72 39
29 19 55 9 58 26 5 94 68 67
19 67 89 29 41 43 5 42 41 39
71 90 25 37 6 42 30 19 96 41
95 41 53 10 57 31 36 42 88 56
65 21 81 76 74 94 59 54 37 50
67 23 72 79 16 51 66 28 35 28
79 67 99 18 64 8 36 89 88 6
65 45 93 20 19 90 95 48 25 6
38 62 51 86 3 92 38 96 29 47
53 64 7 28 7 44 36 9 66 8
86 5 47 28 20 32 32 50 42 94
78 3 28 67 96 55 3 88 86 43
75 3 14 65 66 86 10 71 44 56
63 96 7 45 14 39 44 11 83 60
81 57 7 2 93 50 35 79 19 84
99 18 23 29 30 7 23 15 53 8
31 18 75 65 37 28 83 13 18 98
91 63 27 64 7 42 83 44 17 8
15 48 80 64 18 42 82 95 29 78
78 5 33 96 68 27 80 38 84 62
45 68 81 88 57 63 77 37 57 2
24 27 83 79 28 88 86 84 51 9
8 95 58 30 96 82 22 10 45 84
21 69 74 69 67 22 96 84 79 70
56 32 94 46 24 65 90 10 13 10
86 7 54 62 69 10 44 87 6 6
31 14 79 48 29 10 13 53 60 13
29 2 70 5 84 75 90 24 55 88
94 9 70 62 37 17 51 45 78 15
70 56 26 54 27 76 23 5 61 22
76 42 26 35 92 69 61 24 24 31
78 76 80 86 46 19 38 20 48 15
20 51 38 80 91 83 84 91 71 21
58 25 21 97 87 76 53 41 46 49
78 33 60 96 45 52 65 40 45 64
97 81 6 69 20 98 24 7 53 63
74 92 62 16 57 6 83 13 14 2
19 51 57 9 0 85 26 55 46 43
77 3 54 98 1 58 7 15 21 77
78 18 30 95 70 57 68 72 78 36
87 6 78 84 25 31 44 69 91 7
81 3 6 38 81 73 87 56 76 5
3 35 33 56 55 41 64 44 47 55
11 51 39 13 89 67 67 53 76 87
93 78 54 60 65 96 10 99 62 57
93 45 54 48 66 59 86 43 13 47
84 91 52 84 45 96 54 28 70 22
54 67 22 11 55 16 30 61 50 39
25 31 2 7 59 78 19 83 39 7
53 82 60 53 18 41 10 95 40 61
80 91 28 72 18 6 15 47 2 80
13 16 45 57 64 35 71 61 69 40
80 62 80 61 24 91 12 4 81 90
4 58 53 73 96 58 67 73 58 13
84 86 32 35 75 4 92 46 1 33
69 10 48 28 22 10 35 17 45 77
26 94 79 24 41 73 26 74 49 9
50 54 71 78 27 71 6 23 91 90
67 34 76 33 33 66 22 49 28 31
89 70 3 21 99 2 20 68 32 69
98 99 84 1 70 45 1 34 21 61
95 20 96 81 80 82 12 73 63 57
55 39 90 79 22 39 55 66 22 52
98 96 73 27 20 21 22 80 26 26
94 48 93 61 34 54 93 3 31 27
70 52 67 67 13 96 94 46 18 15
63 62 43 71 51 33 56 97 77 1
58 54 37 94 9 61 18 58 91 94
14 58 41 32 53 37 51 13 77 10
54 30 11 65 50 5 16 22 22 23
5 92 59 71 68 36 82 46 33 92
6 76 35 37 22 42 76 87 2 97
11 34 81 16 12 53 79 35 12 71
56 88 40 38 38 97 9 88 23 55
53 64 82 80 71 38 70 54 13 21
53 80 42 55 21 11 17 93 17 56
69 74 49 83 9 22 59 66 14 16
82 2 22 45 2 17 79 66 79 44
80 60 58 55 38 6 86 90 69 71
74 65 83 87 2 34 91 92 52 87
2 52 27 87 93 88 97 97 24 32
28 41 99 46 14 30 52 61 99 1
77 80 91 52 58 53 23 81 5 84
45 70 29 64 40 10 98 89 28 51
69 71 48 15 91 76 71 26 1 48
44 40 73 74 10 56 14 7 36 60
58 27 55 59 45 38 26 89 94 10
96 31 60 61 98 65 9 79 56 37
53 45 39 24 87 56 53 33 11 62
69 36 88 29 33 98 94 64 99 79
50 6 92 50 98 41 32 63 84 75
8 57 24 6 47 21 32 26 3 84
72 34 86 62 76 6 58 36 7 60
97 40 29 54 23 44 96 11 9 62
97 22 84 41 25 93 29 35 59 3
93 60 16 13 60 75 30 4 48 54
71 71 53 18 30 81 43 6 7 19
96 44 14 86 21 97 68 96 71 70
47 76 95 8 45 88 20 43 9 76
39 38 4 66 53 80 12 60 3 56
49 23 49 76 53 3 99 25 32 40
90 74 84 66 19 82 60 96 35 75
49 52 12 16 93 43 64 35 44 17
68 24 40 65 86 39 61 91 7 46
9 75 40 16 36 11 91 39 77 38
48 30 13 77 72 96 95 24 48 79
12 47 91 33 48 43 81 24 77 15
37 47 72 67 78 53 15 50 88 12
91 14 22 55 41 67 9 30 28 79
81 39 9 26 98 58 46 64 53 40
18 13 72 65 98 47 62 46 15 24
98 99 15 33 10 36 93 77 13 36
34 10 85 37 92 88 17 71 25 29
36 64 32 8 88 46 93 33 62 95
63 86 11 38 20 48 8 50 33 66
30 96 11 70 48 88 92 37 5 30
46 88 59 19 27 29 34 35 93 36
61 92 0 33 24 33 25 64 93 73
28 67 25 42 55 97 6 17 63 14
3 34 39 86 0 50 55 76 29 19
68 77 26 29 40 20 53 74 85 24
17 5 88 50 86 38 96 6 40 36
16 20 57 14 68 58 36 54 12 86
30 58 33 66 50 10 5 79 99 56
81 49 90 29 44 44 77 71 22 62
55 0 48 79 5 23 90 97 64 47
20 69 49 83 84 14 88 53 71 5
14 39 98 4 82 14 86 20 8 82
39 16 79 51 58 36 25 65 39 16
48 65 64 80 34 4 98 40 39 33
28 85 68 2 68 63 72 21 11 26
59 3 74 44 74 55 2 95 0 77
98 64 68 25 20 61 78 90 64 66
19 43 3 70 75 54 35 0 58 78
28 16 21 63 31 34 16 23 36 38
81 92 57 42 29 91 91 77 11 91
33 37 52 27 19 33 90 85 6 4
38 89 92 27 19 9 57 56 10 81
20 53 37 94 83 40 49 15 31 99
71 19 56 16 16 34 86 65 53 37
92 32 38 35 78 27 31 88 61 36
47 45 88 85 7 53 46 48 75 62
72 21 27 86 7 93 5 11 13 91
17 87 53 54 87 66 51 28 48 20
66 84 84 31 48 91 63 6 87 85
40 68 20 61 10 58 34 28 51 67
28 71 49 75 76 9 6 82 26 64
11 56 58 46 20 79 50 56 78 75
85 56 32 45 27 77 1 1 69 40
78 26 77 70 92 10 42 37 58 94
7 21 70 9 47 3 72 23 73 15
60 61 75 21 34 13 64 88 48 34
0 55 88 17 61 10 38 96 7 11
71 14 52 31 59 16 95 11 6 23
60 51 54 20 17 39 4 43 26 40
95 82 21 74 69 60 39 16 99 85
21 25 33 66 77 48 34 78 21 91
38 82 80 45 95 18 46 73 62 52
43 85 36 69 26 69 48 56 38 54
23 45 81 25 19 52 6 52 52 27
98 12 80 1 76 48 64 87 86 47
83 21 1 20 65 59 2 36 51 57
88 11 6 64 81 87 17 89 72 96
83 44 82 64 43 58 28 89 80 72
97 89 99 86 38 36 34 51 86 94
45 53 91 90 25 17 18 13 50 97
26 9 12 64 12 26 38 23 93 77
35 33 76 82 75 46 22 59 83 41
12 78 30 64 43 98 63 20 38 3
79 44 89 76 14 80 31 31 20 7
99 78 75 18 56 57 31 97 35 52
90 98 39 4 14 45 8 51 24 36
44 90 48 2 88 84 63 86 84 50
4 97 24 68 78 14 69 73 10 43
1 82 33 60 80 44 99 65 17 45
1 9 55 55 66 64 66 90 31 84
10 18 11 10 37 2 15 41 48 24
7 30 42 10 88 68 43 88 85 32
56 35 69 69 26 12 22 66 66 70
36 21 99 70 12 2 44 46 94 85
97 28 26 30 45 47 15 39 90 60
36 25 99 84 93 27 33 0 40 70
84 78 47 79 20 47 33 86 62 54
90 88 89 24 16 64 8 15 38 86
92 16 68 83 17 2 95 82 53 83
3 5 9 56 9 90 37 17 2 16
11 76 84 11 51 5 59 41 60 17
97 92 7 63 30 43 66 13 0 48
96 56 57 93 42 13 74 69 65 46
16 78 33 70 6 83 39 19 35 42
54 23 49 61 28 98 41 84 32 68
45 12 84 0 40 15 98 90 34 95
55 55 13 78 8 68 9 14 23 80
68 96 51 65 12 76 0 59 0 56
59 70 93 27 79 85 38 53 62 48
75 97 19 66 52 96 81 84 40 9
15 51 45 39 9 14 44 11 66 58
38 48 12 96 62 5 66 19 89 9
41 36 25 49 89 36 54 14 55 7
45 11 51 74 61 82 45 50 53 1
89 66 61 67 23 90 96 73 42 27
11 61 35 86 71 82 58 26 42 82
90 47 46 49 42 79 40 39 36 22
58 85 29 19 55 58 17 96 16 21
95 18 48 55 51 55 70 18 40 89
77 16 18 20 56 43 30 69 3 64
12 94 43 61 41 9 46 3 9 86
89 3 13 82 7 30 48 77 34 91
1 62 14 45 20 47 32 94 6 40
60 32 63 84 89 37 39 12 63 43
47 53 75 61 8 30 45 66 88 7
83 11 36 20 30 45 88 30 40 47
24 39 69 10 5 67 1 3 3 12
20 19 91 41 31 35 43 9 7 41
13 32 14 36 88 49 38 68 48 0
65 5 40 8 57 73 22 63 58 24
22 38 39 49 54 15 62 85 52 18
79 75 66 45 52 46 53 97 28 87
35 0 71 8 86 2 42 94 31 29
62 21 21 11 42 97 36 18 20 41
94 79 35 66 60 73 57 45 79 21
32 47 78 80 86 60 63 4 49 9
16 22 30 48 72 55 55 37 57 10
53 25 71 9 54 89 5 82 74 83
88 14 40 70 47 4 48 42 98 6
64 13 21 33 1 50 43 51 84 88
0 26 7 94 38 63 90 4 71 34
16 68 64 42 57 75 27 6 56 48
6 41 66 87 15 87 82 43 23 2
92 67 68 84 24 76 47 79 4 92
38 75 70 52 14 82 56 66 21 99
29 24 65 62 37 56 93 16 71 10
13 92 85 14 97 70 55 24 32 96
82 59 4 77 94 64 51 47 6 97
32 59 24 83 17 14 20 50 89 28
98 33 40 36 45 49 84 15 63 52
95 50 13 47 85 51 27 80 4 83
14 72 35 91 40 19 20 51 98 98
25 50 62 11 62 88 37 85 20 17
68 84 88 24 73 49 10 14 39 19
16 98 8 82 96 88 2 14 27 41
42 64 80 30 65 25 36 37 65 36
75 38 81 99 24 50 81 95 28 65
90 75 80 21 75 17 98 69 35 30
88 21 56 28 67 0 74 14 34 64
22 95 26 20 20 17 95 11 75 18
48 14 37 66 23 0 49 46 31 24
71 8 39 48 30 73 25 22 99 25
13 45 87 20 80 9 20 36 92 73
41 94 20 84 37 59 61 70 51 97
63 20 97 5 83 63 98 25 92 26
47 69 15 22 9 6 30 80 36 76
31 54 20 0 76 54 19 88 68 9
14 2 41 76 93 97 70 17 87 3
96 68 42 46 65 85 83 41 68 5
17 91 11 24 76 11 53 15 84 88
3 19 96 44 24 6 76 95 71 2
6 48 19 21 85 44 35 60 59 61
58 43 64 59 6 52 31 46 36 29
84 84 93 54 52 15 65 64 32 72
31 68 74 86 50 60 31 10 29 21
66 11 54 30 12 0 69 55 69 27
87 10 71 7 2 83 47 93 5 5
58 18 81 2 18 11 47 48 24 55
85 23 86 91 53 61 21 11 40 91
22 76 87 85 63 14 94 81 93 68
22 92 77 8 44 29 71 10 39 25
85 56 9 29 80 15 65 36 31 26
21 39 76 27 76 1 60 0 21 46
6 56 11 28 36 74 69 82 63 84
25 2 56 33 89 64 47 13 97 47
25 11 94 50 69 61 85 84 95 71
17 53 87 51 92 95 32 7 89 31
57 74 78 85 73 52 80 85 91 66
97 82 98 93 89 51 30 27 40 42
73 27 34 3 8 83 6 83 93 66
17 3 30 93 75 74 90 32 54 66
10 37 70 91 66 32 69 44 23 11
77 10 17 31 69 44 44 70 20 36
50 45 29 94 19 91 31 35 24 24
11 31 47 38 29 90 78 31 96 45
70 19 99 68 62 27 94 84 86 40
17 23 99 80 94 45 16 57 29 71
4 42 10 76 48 69 92 54 25 71
58 14 95 26 44 49 17 8 40 74
72 91 98 39 96 17 24 88 20 71
14 57 39 2 36 9 47 53 17 49
21 63 47 66 31 99 46 35 5 17
25 97 70 31 4 83 51 16 95 91
66 16 51 10 81 22 80 46 98 67
41 15 95 84 67 43 18 10 87 43
93 14 13 35 77 70 66 80 16 93
74 87 57 2 95 11 80 78 79 82
71 69 44 95 79 10 60 78 47 85
13 57 74 96 82 10 40 41 71 46
71 40 36 81 24 67 61 9 12 17
58 2 97 69 52 89 51 23 5 13
93 85 14 74 95 36 29 93 19 81
88 33 37 90 14 99 16 0 80 97
99 60 90 54 55 85 59 40 70 31
97 4 74 9 66 26 43 9 14 66
40 50 0 74 85 65 2 11 36 85
61 13 9 6 77 20 95 12 16 38
32 29 14 36 27 14 18 0 69 55
45 60 30 98 14 88 92 0 45 63
61 6 15 22 89 76 72 1 11 97
29 2 26 90 12 66 4 91 83 22
35 5 11 85 34 28 56 20 27 69
40 0 57 28 64 39 27 77 8 96
99 51 20 31 63 0 58 93 99 81
72 25 95 68 8 43 75 38 28 12
50 91 63 41 47 10 13 96 6 3
69 82 42 94 95 12 42 21 0 3
76 9 43 65 94 44 83 70 1 33
82 73 0 94 0 10 57 93 9 76
57 80 15 47 12 79 69 45 39 62
96 45 80 20 63 50 64 81 44 54
76 62 66 53 83 75 20 34 64 82
56 16 86 64 58 35 38 88 99 68
71 94 68 45 82 60 5 80 12 89
95 16 5 67 80 85 68 97 60 13
72 0 88 66 90 45 63 61 16 84
81 9 70 34 39 71 29 54 94 14
39 68 38 95 29 99 3 41 45 73
4 59 36 12 52 37 39 16 0 22
35 30 79 21 73 22 71 73 93 31
52 36 77 12 49 6 21 92 22 53
60 60 77 73 32 83 10 58 34 23
25 85 58 28 59 17 19 8 60 44
88 15 80 54 10 21 50 35 29 43
93 57 23 2 45 48 32 65 66 6
0 96 85 40 18 95 44 88 92 53
26 5 23 92 91 81 2 11 82 64
49 58 82 78 83 39 19 13 29 86
33 14 64 56 67 34 26 24 49 14
61 4 31 19 93 21 15 3 49 66
41 61 47 69 94 26 23 73 5 69
40 5 42 40 28 53 9 26 74 11
12 29 55 73 93 69 14 88 90 25
64 21 59 54 80 42 43 25 46 15
33 79 30 61 81 54 45 52 3 85
8 68 9 99 64 19 68 17 53 26
75 73 69 62 78 46 96 9 10 21
37 55 21 76 55 19 56 87 58 33
46 44 71 43 11 75 33 87 79 6
68 6 61 27 3 3 22 71 30 41
91 22 95 95 21 63 72 16 90 10
84 25 62 8 81 31 14 21 61 24
39 58 1 68 40 30 41 28 23 89
71 82 10 22 6 48 49 70 16 86
89 93 37 75 50 61 6 51 92 20
44 73 61 71 39 69 15 22 39 40
76 23 15 62 5 66 28 25 97 94
7 70 69 43 59 26 37 47 34 62
63 1 9 38 59 59 51 22 23 77
88 13 84 55 86 84 75 55 27 21
36 79 0 24 17 71 30 57 19 91
65 55 39 18 35 11 31 25 95 19
2 62 44 23 65 54 38 80 66 52
93 26 88 83 93 12 26 23 57 64
6 65 64 10 46 98 60 42 29 77
32 43 5 43 57 3 86 80 88 76
51 51 88 62 45 30 12 7 18 96
48 36 19 66 7 15 16 98 7 13
24 54 33 26 31 9 43 54 9 90
46 78 9 76 8 29 6 96 9 5
40 31 31 56 60 7 1 83 93 95
35 37 46 82 26 52 1 22 28 49
60 87 94 36 61 90 83 71 48 32
72 52 3 18 45 91 8 32 50 55
6 84 24 48 46 4 30 46 1 99
53 8 21 72 12 20 49 60 47 60
